/home/jiongrr/DM-Lab/dmlab/local/lib/python2.7/site-packages/sklearn/cross_validation.py:41: DeprecationWarning: This module was deprecated in version 0.18 in favor of the model_selection module into which all the refactored classes and functions are moved. Also note that the interface of the new CV iterators are different from that of this module. This module will be removed in 0.20.
  "This module will be removed in 0.20.", DeprecationWarning)
/home/jiongrr/DM-Lab/dmlab/local/lib/python2.7/site-packages/sklearn/linear_model/logistic.py:1228: UserWarning: 'n_jobs' > 1 does not have any effect when 'solver' is set to 'liblinear'. Got 'n_jobs' = -1.
  " = {}.".format(self.n_jobs))
(295879, 62)
(295879, 244) (9, 244)
['0.737', '0.735', '0.735']
0.736
['0.765', '0.763', '0.762']
0.763
[[  9.21164521e-06   4.39070678e-04   2.19871478e-05   1.34654206e-05
    8.94112488e-01   7.26059200e-03   7.68454136e-03   3.14898482e-02
    3.51302914e-02   2.08793533e-02   2.45805263e-03   3.71478734e-04
    1.02995632e-04   2.66236018e-05]
 [  5.23691546e-06   1.28227671e-05   1.35089047e-02   9.49977770e-08
    3.04250468e-03   1.39622907e-03   1.88162921e-02   3.47717630e-01
    3.27335555e-02   6.08170055e-02   4.98894661e-01   1.16998314e-02
    3.06163578e-03   8.29359615e-03]
 [  3.94294691e-05   1.25185558e-05   6.15843428e-03   5.93334527e-08
    1.68492915e-02   2.57246769e-02   1.00078635e-03   2.39361718e-03
    8.87821765e-01   5.56690711e-03   4.18971457e-03   3.56873187e-02
    1.44983496e-02   5.71309517e-05]
 [  3.83259453e-05   1.84719467e-05   1.37577224e-01   5.40036033e-08
    2.31394670e-02   5.30936137e-03   3.55613646e-02   5.90205309e-01
    1.80969468e-02   5.77399091e-03   1.74993427e-01   1.51387540e-03
    3.31371166e-04   7.44081129e-03]
 [  5.03056793e-06   4.01384245e-04   1.45809712e-04   4.70636731e-05
    8.90481649e-01   3.37379040e-03   1.15494907e-02   6.36434012e-03
    5.18518807e-02   3.23947401e-02   3.39283272e-04   2.75732821e-03
    1.70240675e-04   1.17968405e-04]
 [  3.24663174e-05   1.54071652e-05   5.76746343e-02   1.17508955e-07
    8.94910826e-03   9.88896938e-03   5.24605451e-02   4.41510912e-01
    1.74979695e-02   1.14251380e-02   3.74959085e-01   5.97648289e-03
    6.52493537e-04   1.89566706e-02]
 [  7.51791073e-04   1.23028534e-05   1.78272188e-05   1.93981421e-03
    8.52527487e-01   1.31884306e-02   1.39704144e-02   8.78355184e-04
    9.09915807e-02   2.23283842e-02   5.14066946e-05   2.56550419e-03
    2.79875216e-04   4.96826572e-04]
 [  2.96270534e-04   1.25155276e-05   1.93053035e-05   1.34836975e-03
    9.17700312e-01   2.01919410e-02   2.01457693e-02   1.02365705e-03
    2.80694691e-02   9.36470768e-03   5.93317332e-05   3.66663100e-04
    3.19353808e-04   1.08233428e-03]
 [  7.16416143e-05   1.46159223e-07   2.67815600e-03   3.83411788e-02
    7.97699397e-01   1.17247441e-03   4.32038360e-04   7.63182222e-05
    7.16020933e-03   1.51828892e-01   9.65579363e-05   2.24082373e-04
    1.48198534e-04   7.07085123e-05]]
[[  8.76965728e-04   3.45618772e-03   9.64896139e-04   2.89917766e-03
    9.07882803e-01   3.63306846e-03   5.59425471e-03   1.52963186e-02
    1.76363081e-02   3.50410222e-02   5.01148101e-03   1.25224280e-03
    2.32412954e-05   4.32032209e-04]
 [  1.36960830e-03   3.99738300e-05   4.17609412e-04   0.00000000e+00
    3.03872156e-02   1.64276068e-03   4.17942887e-03   5.53145770e-01
    4.37892345e-02   5.65557639e-02   2.92635118e-01   1.17641339e-02
    2.05557949e-03   2.01780337e-03]
 [  5.68174767e-03   7.59364689e-05   1.78121133e-02   8.20825516e-05
    4.81709639e-02   1.60535621e-01   8.48194256e-03   1.06981745e-02
    6.38661769e-01   3.46635039e-03   7.29768466e-03   7.53932651e-02
    2.34305046e-02   2.11845022e-04]
 [  1.61006026e-03   2.95800651e-04   8.90972061e-03   2.18483098e-04
    9.13409700e-02   2.01435473e-03   6.85522688e-03   6.50519669e-01
    2.59607568e-02   4.51255092e-02   1.62829665e-01   2.03442481e-03
    4.81080942e-04   1.80427799e-03]
 [  2.55369634e-03   8.15890369e-03   9.87226321e-03   5.73170957e-03
    7.56054529e-01   1.13558407e-02   2.79345818e-02   8.17192011e-03
    1.10286228e-01   4.41022711e-02   2.30605603e-03   4.53965159e-03
    3.30543047e-04   8.60180591e-03]
 [  8.95049255e-04   9.47610456e-05   1.11401194e-02   1.07842438e-05
    1.39168051e-02   1.25988776e-03   7.36360885e-03   6.30486847e-01
    1.05127543e-02   6.00598583e-03   3.09111972e-01   4.49972476e-03
    3.47278588e-04   4.35442178e-03]
 [  6.43993442e-04   1.85262291e-03   4.88421607e-04   1.12188017e-02
    8.52632272e-01   1.71086947e-03   8.06855943e-04   1.27665853e-03
    3.81289622e-02   7.84667999e-02   3.52884645e-04   2.01825299e-03
    1.03750263e-02   2.75786433e-05]
 [  2.05776923e-03   1.51960859e-03   3.16572183e-04   3.73654336e-02
    8.98186328e-01   6.23735149e-03   7.05147091e-04   9.28968081e-04
    4.80702102e-03   4.69947099e-02   2.89395665e-04   2.91706548e-04
    1.39765361e-04   1.60223573e-04]
 [  2.40170202e-03   2.80138234e-03   2.16813752e-02   1.97142252e-02
    7.02057707e-01   2.05519602e-03   6.54358796e-05   8.40466169e-04
    1.34244956e-03   2.45885968e-01   5.53437496e-04   5.85383409e-04
    0.00000000e+00   1.52714013e-05]]
2269.14user 10.73system 20:52.60elapsed 182%CPU (0avgtext+0avgdata 5746480maxresident)k
2080inputs+0outputs (8major+4205937minor)pagefaults 0swaps
